# Generated from ../data/13JUL2013/000.dat
time gyro_x lean_est lean_rate_est steer steer_est steer_rate_est v v_c
20 -0.000578188 0 0 0.000628319 0 0 0 0
20.02 -0.00134926 0 0 0.000628319 0 0 0 0
20.04 -0.00134447 0 0 0.000628319 0 0 0 0
20.06 -0.000537976 0 0 0.000628319 0 0 0 0
20.08 0.00975753 0 0 0.000628319 0 0 0 0
20.1 0.00399724 0 0 0.000628319 0 0 0 0
20.12 0.00529415 0 0 0.000628319 0 0 0 0
20.14 0.00782726 0 0 0.000628319 0 0 0 0
20.16 0.00186905 0 0 0.000628319 0 0 0 0
20.18 0.00711817 0 0 0.000628319 0 0 0 0
20.2 0.00564286 0 0 0.000628319 0 0 0 0
20.22 0.00444571 0 0 0.000628319 0 0 0 0
20.24 0.004844 0 0 0.000628319 0 0 0 0
20.26 0.00814051 0 0 0.000628319 0 0 0 0
20.28 0.00384219 0 0 0.000628319 0 0 0 0
20.3 0.00433223 0 0 0.000628319 0 0 0 0
20.32 0.00607141 0 0 0.000628319 0 0 0 0
20.34 0.00679076 0 0 0.000628319 0 0 0 0
20.36 0.00838999 0 0 0.000628319 0 0 0 0
20.38 0.00535097 0 0 0.000628319 0 0 0 0
20.4 0.00677945 0 0 0.000628319 0 0 0 0
20.42 0.00786265 0 0 0.000628319 0 0 0 0
20.44 0.00649725 0 0 0.000628319 0 0 0 0
20.46 0.00714709 0 0 0.000628319 0 0 0 0
20.48 0.00330393 0 0 0.000628319 0 0 0 0
20.5 0.00623159 0 0 0.000628319 0 0 0 0
20.52 0.00162881 0 0 0.000628319 0 0 0 0
20.54 0.00336855 0 0 0.000628319 0 0 0 0
20.56 0.0014372 0 0 0.000628319 0 0 0 0
20.58 0.00033371 0 0 0.000628319 0 0 0 0
20.6 0.00061629 0 0 0.000628319 0 0 0 0
20.62 0.00153308 0 0 0.000628319 0 0 0 0
20.64 -0.00173606 0 0 0.000628319 0 0 0 0
20.66 -0.000560181 0 0 0.000628319 0 0 0 0
20.68 -0.00221946 0 0 0.000628319 0 0 0 0
20.7 -0.00837139 0 0 0.000628319 0 0 0 0
20.72 -0.00371794 0 0 0.000628319 0 0 0 0
20.74 -0.00507939 0 0 0.000628319 0 0 0 0
20.76 -0.00621347 0 0 0.000628319 0 0 0 0
20.78 -0.00561802 0 0 0.000628319 0 0 0 0
20.8 -0.00562838 0 0 0.000628319 0 0 0 0
20.82 -0.00935146 0 0 0.000628319 0 0 0 0
20.84 -0.00228147 0 0 0.000628319 0 0 0 0
20.86 -0.0105534 0 0 0.000628319 0 0 0 0
20.88 -0.00921373 0 0 0.000628319 0 0 0 2
20.9 -0.00269057 0 0 0.000942478 0 0 0 2
20.92 -0.0269491 0 0 0.000314159 0 0 0 2
20.94 0.00914857 0 0 0 0 0 0.0150332 2
20.96 0.00918005 0 0 -0.000628319 0 0 0.039216 2
20.98 -0.0314471 0 0 -0.0015708 0 0 0.0612286 2
21 0.00514044 0 0 -0.00282743 0 0 0.0921241 2
21.02 -0.00311518 0 0 -0.00376991 0 0 0.134519 2
21.04 -0.00477133 0 0 -0.00471239 0 0 0.154121 2
21.06 -0.0120577 0 0 -0.00534071 0 0 0.175905 2
21.08 0.00979178 0 0 -0.00565487 0 0 0.210194 2
21.1 0.013341 0 0 -0.00565487 0 0 0.246628 2
21.12 -0.0188803 0 0 -0.00565487 0 0 0.266429 2
21.14 0.00613028 0 0 -0.00565487 0 0 0.292078 2
21.16 0.012327 0 0 -0.00565487 0 0 0.322708 2
21.18 -0.00957053 0 0 -0.00596903 0 0 0.345307 2
21.2 0.00586249 0 0 -0.00659734 0 0 0.369392 2
21.22 0.00561929 0 0 -0.00722566 0 0 0.398352 2
21.24 0.0103672 0 0 -0.00816814 0 0 0.432435 2
21.26 -0.0045432 0 0 -0.00911062 0 0 0.472269 2
21.28 0.00490672 0 0 -0.00942478 0 0 0.492089 2
21.3 -0.00647572 0 0 -0.00973894 0 0 0.518681 2
21.32 -0.00266453 0 0 -0.0103673 0 0 0.54612 2
21.34 0.00397579 0 0 -0.0116239 0 0 0.571277 2
21.36 -0.00363509 0 0 -0.0125664 0 0 0.60083 2
21.38 -0.00219625 0 0 -0.0131947 0 0 0.644133 2
21.4 -0.00475471 0 0 -0.013823 0 0 0.668387 2
21.42 -0.00170709 0 0 -0.0144513 0 0 0.703056 2
21.44 -0.000725785 0 0 -0.0150796 0 0 0.721421 2
21.46 0.00141037 0 0 -0.0163363 0 0 0.747604 2
21.48 0.0011941 0 0 -0.0179071 0 0 0.78047 2
21.5 0.0028065 0 0 -0.0194779 0 0 0.81336 2
21.52 -0.00105301 0 0 -0.0210487 0 0 0.845092 2
21.54 0.0010712 0 0 -0.0219911 0 0 0.871458 2
21.56 0.011485 0 0 -0.0232478 0 0 0.919844 2
21.58 0.0209687 0 0 -0.0245044 0 0 0.934805 2
21.6 0.01479 0 0 -0.0263894 0 0 0.962549 2
21.62 0.0197894 7.72363e-05 0.0201988 -0.0279602 -0.0283362 -0.084064 1.0006 2
21.64 0.0245714 0.00283076 0.0248819 -0.029531 -0.0298947 -0.090909 1.03841 2
21.66 0.027087 0.00444189 0.0289632 -0.0311018 -0.0315665 -0.0978982 1.0608 2
21.68 0.0341132 0.00857751 0.0270626 -0.0270177 -0.0296643 0.102474 1.10806 2
21.7 0.0220022 0.0107772 0.0196715 -0.0232478 -0.0236367 0.331654 1.12998 2
21.72 0.0180535 0.0104944 0.0107937 -0.0175929 -0.0154778 0.473606 1.16744 2
21.74 0.00984443 0.0134057 0.00728675 -0.0122522 -0.00757217 0.548845 1.18062 2
21.76 0.0126653 0.0195548 0.00689786 -0.00534071 0.000483854 0.63699 1.20103 2
21.78 -0.00160243 0.0174879 -0.00278579 0.00345575 0.0098494 0.713009 1.22053 2
21.8 -0.0150336 0.0157546 -0.0101363 0.0131947 0.0197381 0.706628 1.24725 2
21.82 0.00283164 0.0217227 -0.00837599 0.021677 0.028895 0.691747 1.26747 2
21.84 -0.0147131 0.0202341 -0.0147716 0.0289027 0.0371767 0.696138 1.28188 2
21.86 -0.0179132 0.0173539 -0.0200632 0.0348717 0.0438716 0.630987 1.30443 2
21.88 -0.0134669 0.019958 -0.0184092 0.0398982 0.0488006 0.56799 1.32347 2
21.9 -0.0167196 0.0198881 -0.0204062 0.0458673 0.0535824 0.539265 1.34784 2
21.92 -0.0207303 0.0170318 -0.0243261 0.0508938 0.0580461 0.474606 1.35711 2
21.94 -0.0205229 0.016221 -0.0249877 0.0537212 0.0611452 0.398794 1.38073 2
21.96 -0.015986 0.0177284 -0.0227359 0.0549779 0.0624861 0.347949 1.40387 2
21.98 -0.025095 0.0134094 -0.0257445 0.0549779 0.062504 0.284351 1.41624 2
22 -0.0154801 0.0127955 -0.0236587 0.0549779 0.0614665 0.20005 1.44202 2
22.02 -0.0118777 0.014688 -0.0202449 0.055292 0.0604419 0.173233 1.46196 2
22.04 -0.0291193 0.00951864 -0.0250027 0.0556062 0.0599442 0.15393 1.46651 2
22.06 -0.0264676 0.00449775 -0.0272751 0.0537212 0.0582521 0.0629741 1.49133 2
22.08 -0.0179072 0.00423993 -0.0231319 0.0502655 0.0545234 -0.0289258 1.502 2
22.1 -0.0112743 0.0085572 -0.0156649 0.047438 0.0504313 -0.0415302 1.51529 2
22.12 -0.0219556 0.00583286 -0.0174767 0.0458673 0.0477259 -0.0219641 1.53424 2
22.14 -0.0193416 0.00228299 -0.0196344 0.0442965 0.0456471 -0.0475847 1.54924 2
22.16 -0.014018 0.00186929 -0.01797 0.0420973 0.0431642 -0.0830034 1.55346 2
22.18 -0.012624 0.00249406 -0.0152196 0.0389557 0.0400701 -0.0997485 1.57695 2
22.2 -0.0170632 0.00335235 -0.0130028 0.0361283 0.0370281 -0.0829289 1.60223 2
22.22 -0.0101665 0.00077392 -0.0144218 0.0342434 0.0346187 -0.0902998 1.60828 2
22.24 -0.0197865 -0.00216206 -0.0160957 0.0326726 0.0323656 -0.110649 1.62373 2
22.26 -0.0140289 -0.000549716 -0.0130997 0.0304734 0.0300891 -0.122261 1.63429 2
22.28 -0.00854165 0.000156159 -0.0110757 0.0273319 0.0274464 -0.1205 1.64453 2
22.3 -0.0108408 0.000813197 -0.00947354 0.0248186 0.0248858 -0.102808 1.65043 2
22.32 -0.0162461 -0.00177658 -0.011317 0.0229336 0.0226924 -0.09883 1.66176 2
22.34 -0.0078365 -8.24432e-05 -0.00914474 0.0219911 0.0211513 -0.0919351 1.6684 2
22.36 -0.010519 -0.00251055 -0.0113034 0.0204204 0.0198131 -0.0949127 1.67502 2
22.38 -0.00673799 -0.00242654 -0.0101576 0.0185354 0.0180103 -0.110666 1.68717 2
22.4 -0.00927932 -0.00128404 -0.00826998 0.0163363 0.0160115 -0.0989847 1.69551 2
22.42 -0.0129407 -0.00399049 -0.0101999 0.0144513 0.0140479 -0.101409 1.70513 2
22.44 -0.0100638 -0.00560884 -0.010523 0.0125664 0.0119984 -0.123409 1.7156 2
22.46 -0.00729357 -0.00373495 -0.00749933 0.0109956 0.00998596 -0.129227 1.7303 2
22.48 -0.00614726 -0.00487982 -0.00771003 0.00879646 0.00791793 -0.130467 1.73812 2
22.5 -0.00402403 -0.00650745 -0.00785823 0.00628319 0.00553261 -0.147715 1.73349 2
22.52 -0.00569161 -0.00472934 -0.00469218 0.00376991 0.00299354 -0.142281 1.75634 2
22.54 -0.00432888 -0.00427352 -0.0037979 0.00219911 0.00112738 -0.118474 1.75512 2
22.56 -0.00472728 -0.0057656 -0.00490955 0.000942478 -0.000329796 -0.112831 1.75454 2
22.58 -0.00248401 -0.00414954 -0.00313864 0 -0.00139762 -0.100451 1.76848 2
22.6 -0.00506269 -0.00428682 -0.00339547 -0.00125664 -0.00232195 -0.0820074 1.77228 2
22.62 -0.00507042 -0.00519415 -0.00424807 -0.00251327 -0.00324317 -0.0719041 1.77587 2
22.64 0.00128503 -0.00526393 -0.0036605 -0.00345575 -0.0042871 -0.0846154 1.78717 2
22.66 0.00386743 -0.000901686 0.000620155 -0.00376991 -0.00495985 -0.0597093 1.78721 2
22.68 -0.00245429 -0.000636794 -0.000566319 -0.00376991 -0.00470915 -0.0104867 1.79763 2
22.7 -0.00542973 -0.00389448 -0.00446343 -0.00439823 -0.00449949 -0.00869774 1.79821 2
22.72 0.00607737 -0.000265713 -0.000622137 -0.00502655 -0.00474414 -0.00899642 1.81593 2
22.74 -0.00048097 2.30365e-05 -0.000737576 -0.00565487 -0.00500494 0.017733 1.82079 2
22.76 -0.00679446 -0.00319489 -0.00418861 -0.00565487 -0.00510779 0.0194699 1.82691 2
22.78 0.000186797 -0.003162 -0.00356865 -0.00596903 -0.00540135 -0.0060308 1.83115 2
22.8 0.00409442 0.00182171 0.0013999 -0.00596903 -0.00564302 0.0141933 1.83581 2
22.82 -0.00516283 -0.000911924 -0.00237524 -0.00596903 -0.00527683 0.042209 1.8474 2
22.84 0.00345905 -0.00108108 -0.00230161 -0.00628319 -0.00528933 0.027333 1.85213 2
22.86 0.0121039 0.00519061 0.0040533 -0.00659734 -0.00546056 0.0495622 1.85346 2
22.88 -0.00487867 0.000984637 -0.00114168 -0.00659734 -0.0051619 0.0812413 1.85858 2
22.9 -0.00489403 -0.00290636 -0.00484726 -0.00628319 -0.00494437 0.0519664 1.86002 2
22.92 0.00762321 0.00323822 0.00181126 -0.00628319 -0.00502547 0.046773 1.86389 2
22.94 -0.00591695 0.00258023 0.000342797 -0.00628319 -0.00480887 0.0835505 1.86497 2
22.96 -0.000783388 -0.00167295 -0.0038682 -0.00628319 -0.00462661 0.064747 1.87003 2
22.98 0.00946651 0.00265769 0.00120766 -0.00659734 -0.00489357 0.0525613 1.8808 2
23 -0.0011208 0.00336998 0.00148406 -0.00659734 -0.00488903 0.0839683 1.88277 2
23.02 -0.00769913 -0.0014602 -0.00346843 -0.00659734 -0.00476699 0.0764151 1.87952 2
23.04 0.0132917 0.00317414 0.00176244 -0.00628319 -0.0047584 0.0594207 1.8786 2
23.06 4.38705e-05 0.00375708 0.00170417 -0.00628319 -0.00454822 0.0916063 1.87186 2
23.08 -0.0024218 0.000223638 -0.00215074 -0.00628319 -0.00425762 0.0917236 1.87657 2
23.1 0.00621531 0.00212859 0.000227992 -0.00596903 -0.00421102 0.0738458 1.88504 2
23.12 0.00639362 0.0069866 0.00450565 -0.00565487 -0.00384581 0.109213 1.8849 2
23.14 -0.00553209 0.00209563 -0.00134004 -0.00534071 -0.00315085 0.123819 1.88738 2
23.16 0.00782183 0.00283983 -0.000251285 -0.00534071 -0.00284612 0.100776 1.88808 2
23.18 0.0101943 0.00938978 0.00606576 -0.00502655 -0.00257688 0.130142 1.8908 2
23.2 -0.00113368 0.00628575 0.00149174 -0.00439823 -0.00160098 0.169723 1.90408 2
23.22 -0.00334123 0.00125095 -0.00371341 -0.00376991 -0.000806048 0.138919 1.89899 2
23.24 0.00522825 0.00611729 0.0014698 -0.00314159 -0.000427922 0.127119 1.90416 2
23.26 -0.00892532 0.0035116 -0.00161077 -0.00282743 -3.90367e-05 0.138527 1.91621 2
23.28 -0.00149748 0.000631691 -0.00388754 -0.00282743 8.91949e-06 0.10232 1.91615 2
23.3 0.0136103 0.00636472 0.00248958 -0.00251327 -0.000101324 0.0923372 1.91016 2
23.32 -0.00111154 0.00620684 0.0015716 -0.00219911 0.000183669 0.127074 1.91444 2
23.34 -0.00368025 0.00372881 -0.00132184 -0.00219911 0.000612615 0.130403 1.90314 2
23.36 0.010422 0.0050508 0.000396444 -0.00219911 0.000713452 0.113726 1.90626 2
23.38 0.00322263 0.00679428 0.0019073 -0.00188496 0.000876648 0.130795 1.91083 2
23.4 -0.0018962 0.00558639 -0.000223492 -0.000942478 0.00166914 0.14699 1.90643 2
23.42 0.00432298 0.00481128 -0.00144493 -0.000314159 0.0024718 0.136558 1.90059 2
23.44 -0.000240955 0.00386142 -0.00246937 0 0.00286598 0.124334 1.91627 2
23.46 -0.00590364 0.00255061 -0.00350031 0 0.0028397 0.110918 1.91365 2
23.48 0.00129013 0.0048435 -0.000798733 0 0.00270571 0.104031 1.91197 2
23.5 0.00460395 0.00411795 -0.00162066 0.000628319 0.00284181 0.101377 1.91021 2
23.52 -0.000109284 0.0036287 -0.00225762 0.000942478 0.00306328 0.0965893 1.90072 2
23.54 0.00267275 0.00484075 -0.00121753 0.000942478 0.00323836 0.100665 1.90558 2
23.56 -0.00540689 0.00372835 -0.00248608 0.000942478 0.00332175 0.10229 1.90718 2
23.58 -0.00466476 0.000734403 -0.00505887 0.000628319 0.00308059 0.0813855 1.90886 2
23.6 0.000642716 0.00160201 -0.00330741 0.000314159 0.00250266 0.0591998 1.90379 2
23.62 0.000810821 0.00225287 -0.00233196 0.000628319 0.00211136 0.0556765 1.91846 2
23.64 -0.0045538 0.00202141 -0.00278546 0.000628319 0.00207971 0.0617426 1.92707 2
23.66 -0.000502005 0.00343817 -0.0016461 0.000628319 0.00218104 0.0704022 1.9134 2
23.68 0.000283328 0.00210552 -0.00315606 0.000314159 0.00214638 0.074707 1.91536 2
23.7 -0.00344121 0.0013646 -0.00372361 0.000314159 0.00204307 0.0631158 1.91591 2
23.72 0.00695852 0.00604169 0.000841618 0.000628319 0.00210755 0.0749949 1.91009 2
23.74 -0.00527586 0.00226815 -0.00393375 0.000942478 0.00262135 0.0919653 1.90967 2
23.76 -0.0106393 -0.00327845 -0.00927471 0.000942478 0.00271527 0.0550388 1.90401 2
23.78 0.00559417 0.00365025 -0.00134078 0.000628319 0.00219231 0.037481 1.90902 2
23.8 -0.000433324 0.00483851 -0.000713443 0.000628319 0.00210345 0.0721392 1.9244 2
23.82 -0.00650865 0.000202456 -0.00602451 0.000942478 0.00247351 0.07479 1.91264 2
23.84 0.00212376 0.00261801 -0.00306037 0.000628319 0.00231082 0.0547765 1.90485 2
23.86 0.002066 0.00719138 0.00107991 0.000628319 0.00237393 0.0872369 1.91876 2
23.88 -0.0101597 0.00156906 -0.00529465 0.000628319 0.00268282 0.0994049 1.91687 2
23.9 -0.0054344 0.000285289 -0.00612651 0.000628319 0.00266014 0.0704756 1.91634 2
23.92 0.00156854 0.00467205 -0.00124863 0.000314159 0.00231227 0.0714741 1.91964 2
23.94 -0.00372771 0.00240046 -0.00376018 0.000628319 0.00231264 0.0764334 1.93215 2
23.96 0.00309737 0.00465408 -0.00164968 0.000628319 0.00246773 0.081476 1.91958 2
23.98 -0.00318967 0.00586443 -0.00111561 0.000628319 0.00277322 0.109739 1.91962 2
24 -0.00680585 0.00167333 -0.00552636 0.000314159 0.00294168 0.105657 1.92186 2
24.02 0.00151522 0.0039354 -0.00269836 0.000628319 0.00282457 0.0874124 1.92803 2
24.04 0.000891681 0.00849927 0.00119281 0.00125664 0.00321291 0.121443 1.92094 2
24.06 -0.0106802 0.00207291 -0.00643155 0.00188496 0.00412134 0.128728 1.92569 2
24.08 0.00135353 0.00226555 -0.0057069 0.00188496 0.00433404 0.0897496 1.93637 2
24.1 0.00685024 0.00850828 0.000684388 0.00188496 0.00430151 0.10257 1.92803 2
24.12 -0.00743438 0.00461343 -0.00397634 0.00219911 0.00458869 0.125052 1.9302 2
24.14 -0.00599034 0.00124549 -0.00715041 0.00219911 0.00474666 0.0984305 1.9411 2
24.16 0.00169621 0.00456663 -0.00324289 0.00219911 0.00455595 0.0837508 1.92937 2
24.18 0.000453966 0.00662565 -0.00154228 0.00251327 0.00465297 0.105109 1.94087 2
24.2 -0.0022806 0.00608875 -0.00281449 0.00282743 0.00516875 0.120925 1.94304 2
24.22 -0.000584519 0.00731531 -0.00206026 0.00282743 0.00561344 0.13337 1.94366 2
24.24 -0.00744018 0.00438262 -0.00521378 0.00282743 0.00585345 0.13138 1.94132 2
24.26 0.0063668 0.00666127 -0.00261957 0.00314159 0.00594049 0.119647 1.94793 2
24.28 0.00405692 0.0101126 0.000328804 0.00345575 0.00631102 0.144298 1.94504 2
24.3 -0.00840553 0.00596587 -0.00478232 0.00408407 0.00702718 0.157873 1.94423 2
24.32 -0.000648219 0.00583462 -0.00474967 0.00408407 0.00737017 0.136056 1.95428 2
24.34 -0.00190923 0.00615957 -0.00413067 0.00408407 0.00731735 0.127464 1.94576 2
24.36 -0.00343991 0.00618882 -0.00409848 0.00439823 0.00735726 0.128349 1.94442 2
24.38 -0.00708323 0.00581401 -0.00473054 0.00471239 0.00760726 0.130959 1.94059 2
24.4 -0.00484127 0.00547521 -0.00510757 0.00471239 0.00774411 0.127001 1.93268 2
24.42 0.00828602 0.00776391 -0.00254711 0.00471239 0.00774135 0.118676 1.93705 2
24.44 0.00595484 0.00937365 -0.00135725 0.00502655 0.00794563 0.138298 1.93851 2
24.46 -0.0043075 0.00850788 -0.00324118 0.00565487 0.00860776 0.164011 1.93986 2
24.48 -0.0062098 0.00422224 -0.00785833 0.00596903 0.00916373 0.145666 1.93801 2
24.5 0.00391231 0.00763298 -0.0040401 0.00628319 0.00928587 0.126566 1.94224 2
24.52 -0.000913167 0.0105456 -0.00182528 0.00659734 0.00968409 0.156783 1.94343 2
24.54 -0.00777224 0.00486282 -0.00806817 0.0069115 0.0101941 0.149395 1.93902 2
24.56 -0.00278807 0.0023745 -0.00962484 0.00659734 0.00992811 0.101403 1.94252 2
24.58 -0.000218202 0.00751913 -0.00376978 0.00659734 0.00941056 0.0973318 1.94351 2
24.6 -0.0149312 0.00241876 -0.00919008 0.0069115 0.00929078 0.101481 1.9335 2
24.62 -0.0106776 -0.00137455 -0.0122168 0.00659734 0.00891603 0.0547681 1.95232 2
24.64 -0.00285807 0.00182462 -0.00766756 0.00596903 0.00787679 0.0245845 1.94866 2
24.66 -0.00588592 0.0035273 -0.00566737 0.00534071 0.00700034 0.0427426 1.94524 2
24.68 -0.00301964 0.000667664 -0.0083044 0.00502655 0.00645577 0.0339998 1.94679 2
24.7 -0.000449358 0.00282233 -0.0057926 0.00471239 0.00596597 0.0271964 1.94946 2
24.72 -0.0117217 -0.000241149 -0.00915198 0.00471239 0.00568493 0.0330305 1.94546 2
24.74 -0.00335473 -0.000961884 -0.00946128 0.00408407 0.00521937 0.0135996 1.9478 2
24.76 -0.00132318 0.00147727 -0.00663775 0.00376991 0.00466865 0.00784011 1.94845 2
24.78 -0.012516 -0.000395905 -0.00882336 0.00376991 0.00435754 0.0189201 1.95547 2
24.8 -0.00710841 -0.00220819 -0.0105143 0.00345575 0.00409847 0.00122566 1.95084 2
24.82 0.00101642 0.000759076 -0.00726558 0.00345575 0.00371051 -0.00625416 1.9506 2
24.84 -0.0176135 0.000228016 -0.00851848 0.00345575 0.00366111 0.0191966 1.94924 2
24.86 -0.00883039 -0.00226128 -0.0110509 0.00282743 0.00350134 0.00797127 1.9454 2
24.88 -0.00206667 0.000129421 -0.00822212 0.00251327 0.00302889 -0.000844962 1.95461 2
24.9 -0.0164966 -0.000767395 -0.00917974 0.00219911 0.00262085 0.00721124 1.9634 2
24.92 -0.00536223 0.00112383 -0.00738711 0.00188496 0.00240289 0.0175638 1.95308 2
24.94 -0.00336074 0.00224915 -0.00675976 0.00188496 0.00250289 0.0344672 1.95469 2
24.96 -0.0134771 -0.00109175 -0.0104285 0.0015708 0.00252458 0.0353821 1.98298 2
24.98 -0.00735426 -0.000577123 -0.00928888 0.000942478 0.00208675 0.0156527 1.9635 2
25 -0.00301301 0.00194596 -0.00649123 0.000628319 0.00162777 0.0236948 1.98072 2
25.02 -0.0143013 -0.00170151 -0.0103014 0.000314159 0.00137654 0.0298085 1.9779 2
25.04 -0.00951172 -0.00308496 -0.0108757 -0.000314159 0.000800621 0.000595921 1.98846 2
25.06 0.00314467 0.00350224 -0.00357298 -0.000942478 2.64163e-05 0.0103984 1.97533 2
25.08 -0.00616194 0.00168568 -0.0056889 -0.0015708 -0.000400131 0.042067 1.97745 2
25.1 -0.00623924 -0.00163069 -0.00874393 -0.00188496 -0.000707992 0.0300174 1.98358 2
25.12 -0.00560504 0.000593199 -0.00603831 -0.00219911 -0.00115888 0.0274728 1.98899 2
25.14 -0.00237146 -0.00126975 -0.00770973 -0.00251327 -0.00151089 0.0248716 1.98829 2
25.16 -0.00944175 -0.00365001 -0.00951863 -0.00282743 -0.00203625 0.00548238 1.9963 2
25.18 -0.00586554 0.000224055 -0.00510361 -0.00345575 -0.00265362 0.0105977 2.0033 2
25.2 -0.0106022 -0.00233397 -0.00747987 -0.00408407 -0.00319796 0.0165774 1.99232 2
25.22 -0.00374428 -0.00155059 -0.00601574 -0.00471239 -0.00383182 0.00656261 1.99743 2
25.24 -4.06976e-05 0.00130302 -0.00318905 -0.00471239 -0.00408651 0.0239153 2.00139 2
25.26 -0.00940091 -0.00142396 -0.00649433 -0.00471239 -0.00397683 0.0408356 1.99747 2
25.28 -0.00587775 -0.00192551 -0.0068846 -0.00502655 -0.00400747 0.0314762 1.9929 2
25.3 -0.00243753 -0.000652104 -0.00502195 -0.00565487 -0.00448209 0.0241629 1.9976 2
25.32 0.00147236 0.00271565 -0.00176589 -0.00565487 -0.00461834 0.0467857 1.98388 2
25.34 -0.00291278 0.00145575 -0.0036005 -0.00565487 -0.00438736 0.0670244 1.99612 2
25.36 -0.00571997 4.29685e-05 -0.00523149 -0.00565487 -0.00416914 0.068269 2.00879 2
25.38 0.000304777 0.00117627 -0.00370334 -0.00596903 -0.00429751 0.0603777 2.03231 2
25.4 -0.000892679 0.00175059 -0.00307508 -0.00596903 -0.00434689 0.067017 2.02758 2
25.42 -0.0127224 -0.00305305 -0.00789113 -0.00596903 -0.00438758 0.0618171 2.02731 2
25.44 -0.00715191 -0.00501612 -0.0088775 -0.00628319 -0.00481146 0.0208129 2.04227 2
25.46 0.00873898 0.000902777 -0.00200899 -0.00628319 -0.00542528 0.00919603 2.03039 2
25.48 -0.00485993 0.000926254 -0.00252367 -0.00628319 -0.00551056 0.0436182 2.02335 2
25.5 -0.00981588 -0.0029554 -0.00654144 -0.0069115 -0.00556915 0.0449598 2.02612 2
25.52 -0.0025777 -0.00216279 -0.00488257 -0.00753982 -0.00610674 0.0253696 2.0269 2
25.54 0.00193989 0.000701446 -0.00149923 -0.00785398 -0.00666992 0.0336573 2.02237 2
25.56 -0.00874368 -0.00264854 -0.00508551 -0.00753982 -0.00672463 0.0402796 2.02584 2
25.58 0.000875375 -0.000208552 -0.00261627 -0.00753982 -0.00663787 0.0381002 2.02682 2
25.6 -0.00125745 0.000557132 -0.00218427 -0.00753982 -0.00649785 0.0527487 2.02235 2
25.62 -0.004576 -0.00169124 -0.00444147 -0.00785398 -0.00653609 0.0522223 2.02584 2
25.64 -0.00353391 -0.00262768 -0.00488825 -0.00816814 -0.00678725 0.0356553 2.02682 2
25.66 -0.00142424 -0.002006 -0.00375609 -0.00816814 -0.00715147 0.0255829 2.01206 2
25.68 -0.00633775 -0.00423556 -0.00564111 -0.0084823 -0.00751491 0.0154535 2.024 2
25.7 -0.00730534 -0.00486437 -0.00573783 -0.0084823 -0.00796843 0.00112496 2.02976 2
25.72 -0.00143374 -0.0032043 -0.00350961 -0.00911062 -0.00851957 -0.00467358 2.02793 2
25.74 -0.00492861 -0.00436169 -0.00421866 -0.00973894 -0.00918833 -0.00291105 2.02741 2
25.76 -0.00141287 -0.00595809 -0.0050065 -0.0103673 -0.00995075 -0.0203372 2.03547 2
25.78 0.00314348 -0.00387138 -0.00217669 -0.0109956 -0.0107511 -0.0228777 2.02953 2
25.8 -0.00144104 -0.00226108 -0.000784842 -0.0109956 -0.0110071 0.00173911 2.03132 2
25.82 -0.00918593 -0.00649064 -0.00523236 -0.0113097 -0.0111102 0.00396135 2.03865 2
25.84 -0.000667541 -0.00784564 -0.00549335 -0.0122522 -0.0118266 -0.0319522 2.04009 2
25.86 0.0117893 -0.000336959 0.00277177 -0.0128805 -0.0125921 -0.020269 2.04587 2
25.88 -0.0122329 -0.00389132 -0.00172584 -0.0125664 -0.0125427 0.0216323 2.03392 2
25.9 -0.0106765 -0.010922 -0.00847341 -0.0128805 -0.0126447 -0.0133574 2.03256 2
25.92 0.00893529 -0.00261277 0.00106307 -0.0135088 -0.0133688 -0.0306281 2.01022 2
25.94 0.00338225 0.00127487 0.00436065 -0.013823 -0.0135383 0.0237344 2.01751 2
25.96 -0.00981819 -0.0043569 -0.00216308 -0.013823 -0.0131967 0.0470242 2.00598 2
25.98 0.00332891 -0.00311322 -0.00047739 -0.0141372 -0.0131666 0.0264 2.00128 2
26 0.0109757 0.000916291 0.00362698 -0.0141372 -0.0132085 0.0414445 2.00816 2
26.02 -0.00391713 -0.00295816 -0.000712204 -0.0141372 -0.0130319 0.0577585 2.00787 2
26.04 -0.00277987 -0.00476135 -0.00208988 -0.0144513 -0.0131106 0.0394751 2.00181 2
26.06 0.00346454 -0.0032313 0.000311326 -0.0147655 -0.0135832 0.024399 2.01636 2
26.08 0.00465056 -0.00209059 0.0020258 -0.0150796 -0.0140778 0.0258781 2.00565 2
26.1 0.0093873 0.00202692 0.00585307 -0.0150796 -0.0140175 0.0582295 2.00592 2
26.12 0.0031855 0.000326382 0.00341178 -0.0150796 -0.0135852 0.0858924 2.00471 2
26.14 0.000225352 -0.00299664 0.000293705 -0.0153938 -0.0134982 0.0728778 2.00091 2
26.16 0.0207615 0.00340048 0.0071728 -0.0153938 -0.01351 0.0747436 1.99733 2
26.18 -0.0013234 0.00249176 0.00508665 -0.0144513 -0.0128445 0.121524 2.00136 2
26.2 -0.00585731 -0.00406818 -0.00199413 -0.0141372 -0.0120589 0.106414 1.99652 2
26.22 0.00966228 -0.00426685 -0.00075721 -0.0144513 -0.012334 0.0459178 2.00682 2
26.24 0.013672 0.00301069 0.00744681 -0.0147655 -0.0129856 0.0558193 2.0118 2
26.26 0.00798667 0.0044573 0.00795661 -0.0144513 -0.012668 0.110988 2.00186 2
26.28 -0.00269846 -0.00100135 0.00138903 -0.0135088 -0.0116851 0.12164 2.00012 2
26.3 0.00816404 0.000488476 0.0028273 -0.0131947 -0.0110155 0.105043 1.98934 2
26.32 0.015596 0.00603738 0.00816653 -0.0128805 -0.0105457 0.121657 1.99168 2
26.34 0.008114 0.00739696 0.00830656 -0.0122522 -0.00962313 0.167221 1.98905 2
26.36 -0.00114015 0.00268228 0.00237817 -0.0113097 -0.00834317 0.178098 1.98579 2
26.38 0.0107173 0.00332961 0.00305961 -0.0106814 -0.00753494 0.154499 1.98487 2
26.4 0.0116703 0.00702456 0.00667078 -0.0103673 -0.00701249 0.162158 1.99187 2
26.42 0.00858687 0.00848677 0.00731146 -0.00942478 -0.00612081 0.188708 1.97882 2
26.44 0.00777141 0.00546076 0.0035907 -0.00879646 -0.00514179 0.191356 1.98649 2
26.46 0.00603683 0.00395182 0.00217392 -0.0084823 -0.00456762 0.171971 1.98758 2
26.48 0.00985826 0.0060769 0.00444574 -0.00753982 -0.00413388 0.163133 1.97509 2
26.5 0.0111478 0.00852248 0.00604969 -0.00628319 -0.00315751 0.182408 1.97515 2
26.52 0.00254807 0.00763812 0.00384732 -0.00534071 -0.00185129 0.204821 1.97265 2
26.54 0.00066875 0.00347983 -0.000462149 -0.00534071 -0.00116596 0.184003 1.96167 2
26.56 0.0203445 0.00942588 0.00635769 -0.00534071 -0.00112731 0.163283 1.98021 2
26.58 0.012485 0.0118779 0.00791629 -0.00408407 -0.000519925 0.208034 1.97554 2
26.6 -0.00496069 0.00599532 0.000182393 -0.00219911 0.00115714 0.226646 1.98305 2
26.62 0.00516332 0.00399453 -0.00204902 -0.00125664 0.00243096 0.177783 1.98662 2
26.64 0.0124662 0.010244 0.00419218 -0.000628319 0.00302361 0.174937 1.98985 2
26.66 -0.00216465 0.00723568 0.000545984 -0.000628319 0.00350879 0.192433 1.97825 2
26.68 0.000211568 0.00248081 -0.00365577 -0.000314159 0.0036034 0.151169 1.98381 2
26.7 0.00830714 0.00688584 0.00137311 0.000314159 0.00354651 0.133446 1.97402 2
26.72 0.00317118 0.00642871 0.000182407 0.00125664 0.00409933 0.145884 1.98262 2
26.74 -0.00291325 0.00492431 -0.00191509 0.00188496 0.0047451 0.141784 1.97369 2
26.76 0.00206536 0.00555836 -0.00114525 0.0015708 0.00485454 0.130706 1.98252 2
26.78 0.00692701 0.00655216 0.000171806 0.00125664 0.00464361 0.127223 1.96891 2
26.8 0.000301803 0.0050897 -0.0013146 0.0015708 0.00456068 0.128994 1.98118 2
26.82 -0.00101304 0.0043654 -0.00223131 0.00219911 0.00479964 0.12257 1.97328 2
26.84 -0.000108661 0.00309632 -0.00348373 0.00219911 0.00490798 0.107433 1.97212 2
26.86 0.00590372 0.00642245 -4.5234e-05 0.00219911 0.00487014 0.107049 1.97179 2
26.88 0.00552114 0.00817297 0.00116087 0.00219911 0.00505365 0.131941 1.99019 2
26.9 0.00199185 0.00478604 -0.00277124 0.00251327 0.00543267 0.133331 1.97582 2
26.92 -0.000525446 0.00359839 -0.00399637 0.00282743 0.00567169 0.116198 1.98787 2
26.94 0.000541685 0.00485601 -0.00263652 0.00314159 0.00573095 0.105381 1.97992 2
26.96 -0.000648256 0.00570764 -0.00211066 0.00345575 0.0058648 0.11513 1.98902 2
26.98 0.000385061 0.00550189 -0.00267679 0.00345575 0.00612161 0.118082 1.97549 2
27 0.00151919 0.00651564 -0.00180583 0.00345575 0.00625954 0.118954 1.97749 2
27.02 0.00261568 0.00645412 -0.00209543 0.00345575 0.00637261 0.124413 1.97331 2
27.04 0.00511618 0.00885438 -6.06435e-07 0.00345575 0.00656676 0.138791 1.98716 2
27.06 -0.00379107 0.00906723 -0.000726302 0.00376991 0.00712832 0.168172 1.97022 2
27.08 -0.00242583 0.00587617 -0.00432635 0.00408407 0.00761705 0.161901 1.98629 2
27.1 0.00595166 0.00673421 -0.00310876 0.00408407 0.007712 0.141325 1.97947 2
27.12 0.00424561 0.00892793 -0.00112569 0.00439823 0.00789471 0.152488 1.97861 2
27.14 -0.00297491 0.00649489 -0.00394545 0.00471239 0.00819112 0.154977 1.96888 2
27.16 0.00696345 0.00778138 -0.00230335 0.00439823 0.00816925 0.140663 1.97434 2
27.18 0.00945863 0.0123619 0.00192818 0.00471239 0.00829988 0.170844 1.96421 2
27.2 -0.00290271 0.0082491 -0.00315771 0.00502655 0.00889847 0.190327 1.96957 2
27.22 0.00259453 0.00810408 -0.00352842 0.00565487 0.00951005 0.174812 1.96762 2
27.24 0.00405952 0.0095404 -0.00241855 0.00628319 0.00999792 0.175403 1.97053 2
27.26 -0.00647661 0.00620194 -0.00607363 0.00659734 0.0104108 0.164447 1.96883 2
27.28 0.00705355 0.00991188 -0.00224875 0.0069115 0.0106341 0.15668 1.97684 2
27.3 0.00427745 0.0118436 -0.000934706 0.00722566 0.0110076 0.180968 1.97061 2
27.32 -0.00448238 0.00665276 -0.00665018 0.00753982 0.0114221 0.178815 1.96108 2
27.34 0.0110968 0.0118985 -0.00125003 0.00785398 0.0117148 0.170433 1.98003 2
27.36 -0.000205433 0.0130154 -0.00120041 0.0084823 0.0123717 0.205706 1.96267 2
27.38 -0.0017065 0.00909387 -0.00600403 0.00911062 0.0132608 0.203613 1.96768 2
27.4 0.00371358 0.00917489 -0.00597449 0.00973894 0.0138323 0.17851 1.9658 2
27.42 0.00450281 0.0141649 -0.00148337 0.0103673 0.0143418 0.197156 1.97001 2
27.44 -0.00501096 0.0129247 -0.00404708 0.0109956 0.0153141 0.224767 1.963 2
27.46 -0.00411573 0.00963234 -0.00777594 0.0113097 0.0160358 0.208824 1.95296 2
27.48 0.00154911 0.0113127 -0.00598802 0.0116239 0.0163379 0.195637 1.9512 2
27.5 0.00462391 0.0135005 -0.00416878 0.0122522 0.0167534 0.20463 1.94941 2
27.52 9.38307e-06 0.0119017 -0.00664749 0.0131947 0.0175459 0.212015 1.94891 2
27.54 -0.0112582 0.00695038 -0.0120153 0.013823 0.0181364 0.191631 1.9556 2
27.56 -0.0102996 0.00480038 -0.013332 0.013823 0.0179506 0.14217 1.9534 2
27.58 0.00816423 0.0124429 -0.00499167 0.013823 0.0175563 0.13543 1.95132 2
27.6 -0.00415744 0.013426 -0.00525477 0.0144513 0.0179525 0.183749 1.95419 2
27.62 -0.0119676 0.00528039 -0.0140311 0.0144513 0.0184075 0.168583 1.96054 2
27.64 0.0053981 0.00998025 -0.00835367 0.0141372 0.018101 0.133588 1.95004 2
27.66 -0.0028595 0.013607 -0.00534908 0.0147655 0.0181843 0.167772 1.96664 2
27.68 -0.0178981 0.0055636 -0.0144124 0.0153938 0.0187577 0.166689 1.96679 2
27.7 -0.00521646 0.00478257 -0.0144423 0.0150796 0.0186851 0.112067 1.96684 2
27.72 0.001984 0.0111608 -0.00753289 0.0150796 0.018198 0.110366 1.96779 2
27.74 -0.00657126 0.0114582 -0.00810982 0.0150796 0.0182644 0.147485 1.96029 2
27.76 -0.0145729 0.00624923 -0.0140425 0.015708 0.0186863 0.141138 1.967 2
27.78 -0.0103975 0.0050601 -0.0149522 0.0153938 0.0186523 0.10942 1.96007 2
27.8 -0.00801353 0.00535283 -0.0140486 0.0150796 0.0181077 0.0872544 1.96471 2
27.82 -0.00904551 0.00654417 -0.0126006 0.0150796 0.0175878 0.0849411 1.96496 2
27.84 -0.0160473 0.00352874 -0.0155515 0.0147655 0.0171931 0.073256 1.96978 2
27.86 -0.0146312 0.00175375 -0.0167278 0.0144513 0.0165219 0.046207 1.96293 2
27.88 -0.0121685 0.00117019 -0.0165132 0.013823 0.0155932 0.0207834 1.96575 2
27.9 -0.0125321 0.00239779 -0.014801 0.0131947 0.0146611 0.0174785 1.97 2
27.92 -0.0180966 0.0022411 -0.0152249 0.0131947 0.0141781 0.0309571 1.95839 2
27.94 -0.0127571 0.000520115 -0.016882 0.0128805 0.0137724 0.0164984 1.95618 2
27.96 -0.0158299 -0.000691268 -0.0174771 0.0119381 0.0129322 -0.00678257 1.95333 2
27.98 -0.0176422 0.00238467 -0.0141323 0.0113097 0.0120728 0.00454543 1.95253 2
28 -0.0166771 0.000904637 -0.015747 0.0106814 0.0114753 0.015373 1.95914 2
28.02 -0.0208643 -0.00323339 -0.0193295 0.00973894 0.0106454 -0.0101168 1.96468 2
28.04 -0.0101205 1.40199e-05 -0.0150115 0.00879646 0.00947766 -0.0286194 1.96372 2
28.06 -0.0111564 0.00164913 -0.0133417 0.00816814 0.00866267 -0.00914373 1.96943 2
28.08 -0.015543 -0.00120133 -0.0162728 0.00753982 0.00808966 -0.00640373 1.96852 2
28.1 -0.0128174 -0.00292007 -0.0170697 0.00628319 0.00701203 -0.032175 1.96049 2
28.12 -0.012913 0.000717737 -0.0125016 0.00471239 0.00560082 -0.0230542 1.97987 2
28.14 -0.0129835 0.0013928 -0.0117712 0.00376991 0.00467997 0.00612863 1.96263 2
28.16 -0.0172719 -0.00323984 -0.0162712 0.00345575 0.0040605 9.39513e-05 1.97018 2
28.18 -0.00832002 -0.00164495 -0.0137718 0.00251327 0.00318124 -0.0213926 1.9665 2
28.2 -0.0104757 -0.000426107 -0.012323 0.00188496 0.00241232 -0.00956582 1.97021 2
28.22 -0.0139138 -0.00271996 -0.0144075 0.000942478 0.0016801 -0.00605979 1.96305 2
28.24 -0.00724246 0.000401356 -0.0109155 0.000314159 0.00103452 -0.00011736 1.96578 2
28.26 -0.0167832 -0.00197971 -0.0132213 -0.000628319 0.000379303 0.0112153 1.95375 2
28.28 -0.0143275 -0.00490259 -0.0154127 -0.00125664 -0.000411038 -0.0113577 1.95013 2
28.3 -0.00251742 0.00164843 -0.00829108 -0.0015708 -0.00111273 -0.00306509 1.94911 2
28.32 -0.0238054 -0.00275209 -0.0133265 -0.00188496 -0.00138319 0.0249969 1.94788 2
28.34 -0.0132214 -0.00684906 -0.016628 -0.00251327 -0.00192337 -0.0167403 1.95782 2
28.36 0.00255692 -0.000513078 -0.00893785 -0.00376991 -0.00306101 -0.0316682 1.96179 2
28.38 -0.0104559 0.000987017 -0.00777366 -0.00439823 -0.00370867 0.0165266 1.95607 2
28.4 -0.0255053 -0.00748521 -0.0162959 -0.00502655 -0.00414041 0.010257 1.95077 2
28.42 -0.00729738 -0.00661556 -0.0136077 -0.00596903 -0.00530525 -0.0440898 1.94834 2
28.44 -0.0048096 -0.000602422 -0.00682229 -0.00659734 -0.00642762 -0.0265094 1.94766 2
28.46 -0.0117112 -0.00255722 -0.00909927 -0.00722566 -0.00692996 0.00268282 1.94494 2
28.48 -0.00802581 -0.00548709 -0.0115172 -0.00816814 -0.00751825 -0.0139066 1.94419 2
28.5 -0.000567077 -0.00355356 -0.00840236 -0.00942478 -0.00864499 -0.0271406 1.94398 2
28.52 -0.00690355 -0.00102996 -0.0058213 -0.00973894 -0.00934438 0.0057287 1.94392 2
28.54 -0.00790513 -0.00196327 -0.00715033 -0.0103673 -0.00951095 0.0312546 1.9439 2
28.56 -0.00594794 -0.00380968 -0.0087839 -0.0106814 -0.00972536 0.0226693 1.9439 2
28.58 -0.00196004 -0.00206576 -0.00643033 -0.0113097 -0.010259 0.0182855 1.94138 2
28.6 -0.00416214 -0.00161848 -0.00585868 -0.0116239 -0.0106327 0.0310326 1.94319 2
28.62 -0.0116992 -0.00414243 -0.00852314 -0.0116239 -0.0107263 0.0362632 1.93895 2
28.64 -0.0165278 -0.00853698 -0.0121092 -0.0122522 -0.0112651 0.00252976 1.93998 2
28.66 0.000856721 -0.00374804 -0.00589005 -0.0128805 -0.0122513 -0.0213088 1.94028 2
28.68 -0.00327525 -0.00135122 -0.00351345 -0.0135088 -0.0128294 0.0120523 1.93813 2
28.7 -0.00874124 -0.0045478 -0.00685875 -0.013823 -0.0130711 0.021662 1.93629 2
28.72 -0.00157164 -0.00442547 -0.00604795 -0.0144513 -0.0135854 0.00684114 1.93449 2
28.74 -0.00148417 -0.00114086 -0.00244675 -0.0150796 -0.014115 0.0250926 1.9365 2
28.76 -0.00590918 -0.00336221 -0.00513575 -0.0147655 -0.0140313 0.0417193 1.93584 2
28.78 -0.0101955 -0.0062857 -0.00792288 -0.0150796 -0.0140497 0.0268929 1.93436 2
28.8 0.00380814 -0.00317099 -0.0040156 -0.0153938 -0.0144701 0.0114351 1.93646 2
28.82 -0.00618306 -0.00544488 -0.0059461 -0.0160221 -0.015018 0.0129204 1.929 2
28.84 -0.00749405 -0.00729375 -0.00673564 -0.0166504 -0.0158859 -0.0108618 1.9335 2
28.86 -0.00673681 -0.00539207 -0.004276 -0.0169646 -0.0165504 -0.00764656 1.93277 2
28.88 -0.00165805 -0.00729797 -0.00573216 -0.0175929 -0.0171008 -0.0156846 1.92797 2
28.9 0.00527037 -0.00441903 -0.00208326 -0.0182212 -0.0177897 -0.0217883 1.93322 2
28.92 -0.00861252 -0.00692193 -0.00438426 -0.0188496 -0.0184505 -0.0104657 1.92716 2
28.94 -0.00616186 -0.00734747 -0.004183 -0.0194779 -0.0191414 -0.0154135 1.92744 2
28.96 0.00368705 -0.00746075 -0.0035034 -0.0204204 -0.019925 -0.0242596 1.93558 2
28.98 0.000595272 -0.00857047 -0.00358938 -0.0210487 -0.0208846 -0.0428413 1.92781 2
29 0.000368404 -0.00435064 0.00104496 -0.021677 -0.0216328 -0.021131 1.92762 2
29.02 0.00264824 -0.00471108 0.000294235 -0.0219911 -0.021773 0.00603898 1.93692 2
29.04 -0.0107426 -0.0105672 -0.00541658 -0.0223053 -0.0220285 -0.00668936 1.92567 2
29.06 0.00324154 -0.00816582 -0.00184683 -0.0232478 -0.0227816 -0.0298099 1.92702 2
29.08 0.0064767 -0.00319068 0.00347855 -0.0235619 -0.0234138 -0.00304497 1.93675 2
29.1 -0.0104836 -0.0063404 -0.000524215 -0.0235619 -0.023273 0.0327456 1.92562 2
29.12 -0.00646717 -0.00878505 -0.00274768 -0.0235619 -0.0231684 0.011597 1.93981 2
29.14 0.00929452 -0.00331507 0.00324892 -0.0238761 -0.0233915 0.0127255 1.93929 2
29.16 0.00590809 -0.00326534 0.00297068 -0.0241903 -0.0234015 0.0397615 1.92885 2
29.18 -0.000906735 -0.00701336 -0.000676986 -0.0245044 -0.0234379 0.0345508 1.94072 2
29.2 0.0127369 -0.00232625 0.00445786 -0.0245044 -0.0235333 0.0359126 1.93954 2
29.22 0.00410883 -0.00205708 0.00424584 -0.0245044 -0.0233479 0.0662148 1.92893 2
29.24 -0.00621129 -0.00591612 9.18696e-05 -0.0245044 -0.023058 0.0714418 1.94074 2
29.26 0.00720777 -0.00498823 0.00203334 -0.0251327 -0.0233691 0.0455955 1.94301 2
29.28 0.00981885 -0.00221409 0.00526451 -0.0254469 -0.0236932 0.0567036 1.94019 2
29.3 0.00116006 -0.00619136 0.00150628 -0.0254469 -0.0238974 0.0563519 1.94285 2
29.32 0.014733 -0.00199116 0.00635017 -0.0254469 -0.0240357 0.0491682 1.9436 2
29.34 0.00915898 0.00225867 0.00974162 -0.0251327 -0.0235934 0.102025 1.93907 2
29.36 -0.000154997 -0.00376057 0.0030857 -0.0254469 -0.0230968 0.115328 1.94002 2
29.38 0.018489 -0.00129205 0.00634836 -0.0254469 -0.023002 0.0902732 1.9428 2
29.4 0.0140049 0.00363714 0.0108601 -0.0248186 -0.0226057 0.127479 1.94359 2
29.42 -0.00285074 -0.00275565 0.00342919 -0.0238761 -0.0216586 0.141183 1.94381 2
29.44 0.00638157 -0.00335664 0.0031446 -0.0235619 -0.0210699 0.10981 1.95762 2
29.46 0.0184329 0.00440421 0.0110917 -0.0232478 -0.0207682 0.125745 1.9595 2
29.48 0.00707564 0.00105302 0.00696269 -0.0232478 -0.020188 0.155255 1.95198 2
29.5 0.0112299 -0.000293162 0.00577868 -0.0229336 -0.0197084 0.140008 1.95092 2
29.52 0.0108483 0.00325252 0.00913141 -0.0219911 -0.0191448 0.154613 1.95185 2
29.54 0.0111934 0.00160554 0.00696859 -0.0213628 -0.0183273 0.158663 1.94614 2
29.56 0.014068 0.00257361 0.00755237 -0.0204204 -0.0174521 0.159079 1.95733 2
29.58 0.0138038 0.00530818 0.0097029 -0.019792 -0.0165726 0.1782 1.95388 2
29.6 0.0167237 0.00649421 0.0100267 -0.0191637 -0.0155144 0.202559 1.95146 2
29.62 0.0121302 0.00481833 0.00759855 -0.0182212 -0.0143751 0.209264 1.94948 2
29.64 0.0148382 0.00763434 0.0096407 -0.0169646 -0.0130984 0.223488 1.95145 2
29.66 0.00842847 0.00680681 0.00753438 -0.0153938 -0.0115158 0.241122 1.94854 2
29.68 0.00738022 0.00487293 0.00474473 -0.0141372 -0.00996969 0.231921 1.95247 2
29.7 0.00718075 0.00504762 0.004709 -0.0131947 -0.00889549 0.213759 1.96134 2
29.72 0.00817639 0.00416778 0.00376408 -0.0122522 -0.00812576 0.197097 1.95121 2
29.74 0.0119808 0.00535082 0.00496392 -0.0113097 -0.00748499 0.184464 1.94941 2
29.76 0.00964238 0.00740243 0.00638613 -0.0103673 -0.0066098 0.198228 1.94797 2
29.78 0.00720675 0.00816409 0.00608148 -0.00942478 -0.00543852 0.220314 1.9626 2
29.8 0.0144776 0.00908311 0.00636783 -0.00879646 -0.00435743 0.224065 1.95839 2
29.82 0.0100937 0.0102341 0.00652629 -0.00753982 -0.0031303 0.243171 1.95512 2
29.84 0.0122895 0.0111352 0.00620304 -0.00596903 -0.00155473 0.256951 1.95526 2
29.86 0.0130584 0.0108858 0.00467401 -0.00408407 0.000220994 0.259485 1.95308 2
29.88 0.00509493 0.00891574 0.00158381 -0.00251327 0.00189685 0.251351 1.96275 2
29.9 -0.00504324 0.00891762 0.000741659 -0.0015708 0.00326269 0.248886 1.96095 2
29.92 0.0104245 0.00904178 0.000677171 -0.000628319 0.00420942 0.229042 1.96519 2
29.94 0.0108435 0.00907228 0.000698536 0.000314159 0.00487196 0.208992 1.96386 2
29.96 -0.0101657 0.00658588 -0.00248439 0.00188496 0.00572791 0.208033 1.95666 2
29.98 0.00208576 0.007334 -0.00207983 0.00282743 0.00660447 0.191207 1.9557 2
30 0.00401645 0.00647084 -0.00290005 0.00314159 0.00703802 0.168037 1.9532 2
